./output_dir/andrew/2019-02-22-011515_8.png 421 154 560 342
./output_dir/andrew/2019-02-22-011515_6.png 421 151 570 352
./output_dir/andrew/2019-02-22-011515_9.png 404 142 582 369
./output_dir/andrew/2019-02-22-011515_20.png
./output_dir/andrew/2019-02-22-011515_12.png 434 132 560 295
./output_dir/andrew/2019-02-22-011515_18.png 439 120 553 254
./output_dir/andrew/2019-02-22-011515_15.png 448 164 546 283
./output_dir/andrew/2019-02-22-011515_5.png 422 180 572 364
./output_dir/andrew/2019-02-22-011515_27.png 429 147 566 317
./output_dir/andrew/2019-02-22-011515_1.png 424 155 566 336
./output_dir/andrew/2019-02-22-011515_13.png 407 144 507 294
./output_dir/andrew/2019-02-22-011515_16.png 434 170 511 284
./output_dir/andrew/2019-02-22-011515_2.png 427 154 573 330
./output_dir/andrew/2019-02-22-011515_29.png 415 141 541 321
./output_dir/andrew/2019-02-22-011515_3.png 405 156 532 332
./output_dir/andrew/2019-02-22-011515_26.png 424 145 554 312
./output_dir/andrew/2019-02-22-011515_30.png 445 136 584 307
./output_dir/andrew/2019-02-22-011515_11.png 483 137 674 376
./output_dir/andrew/2019-02-22-011515_23.png 438 128 570 299
./output_dir/andrew/2019-02-22-011515_10.png 288 177 463 398
./output_dir/andrew/2019-02-22-011512.png 385 174 517 355
./output_dir/andrew/2019-02-22-011515_14.png 460 150 566 287
./output_dir/andrew/2019-02-22-011515_21.png 446 160 567 307
./output_dir/andrew/2019-02-22-011515_22.png 452 145 573 294
./output_dir/andrew/2019-02-22-011515_28.png 447 135 591 313
./output_dir/andrew/2019-02-22-011515_7.png 413 152 554 341
./output_dir/andrew/2019-02-22-011515_25.png 430 140 566 315
./output_dir/andrew/2019-02-22-011515_4.png 428 140 560 304
./output_dir/andrew/2019-02-22-011515_24.png 431 141 562 312
./output_dir/andrew/2019-02-22-011515_19.png 460 117 588 285
./output_dir/andrew/2019-02-22-011515_17.png 445 190 571 340
